@tasks 15
0 10 1(26) 2(49) 4(6) 6(98) 7(91) 9(4) 10(73) 12(8) 13(93) 14(70) 
1 6 2(90) 3(13) 6(53) 7(95) 8(35) 11(59) 
2 8 3(34) 5(43) 6(55) 7(42) 8(7) 10(29) 11(54) 14(10) 
3 4 9(66) 10(67) 12(87) 14(11) 
4 6 5(18) 8(5) 9(53) 11(39) 12(18) 14(92) 
5 7 6(57) 7(35) 10(86) 11(41) 12(19) 13(31) 14(48) 
6 4 8(92) 12(37) 13(10) 14(60) 
7 5 8(33) 10(64) 11(55) 12(57) 13(92) 
8 2 10(44) 13(90) 
9 2 10(82) 13(62) 
10 1 12(75) 
11 1 14(71) 
12 1 14(21) 
13 1 14(56) 
14 0 

@proc 7
79 0 0
149 0 0
317 0 1
546 0 0
570 0 1
579 0 0
928 0 1

@times
132 134 380 154 361 130 298 
145 107 314 100 324 157 315 
118 146 342 177 334 179 395 
140 -1 309 107 372 192 318 
141 169 -1 190 325 135 289 
175 128 318 194 341 144 378 
156 190 -1 133 252 195 335 
153 -1 262 128 289 113 365 
133 170 355 -1 288 168 400 
167 168 374 102 334 166 366 
-1 106 347 183 391 199 281 
133 190 381 104 289 119 371 
-1 -1 318 113 317 102 293 
111 177 323 178 364 102 373 
136 135 374 145 261 111 368 

@cost
289 257 131 269 157 340 174 
367 346 163 318 114 328 135 
354 327 159 356 149 342 200 
356 327 101 277 172 341 150 
284 368 133 391 188 374 153 
379 293 123 369 107 268 167 
318 287 115 370 169 302 194 
252 370 102 375 133 305 148 
262 353 124 335 109 362 134 
329 391 138 368 198 362 117 
322 387 167 263 126 315 156 
265 303 180 323 192 332 200 
272 337 106 386 101 308 118 
368 371 107 258 157 284 159 
367 362 151 326 104 366 112 

@comm 3
chan0 28 11 1 1 1 1 0 0 1 
chan1 32 14 1 1 0 0 0 1 1 
chan2 32 13 1 1 0 0 1 0 1 

