@tasks 10
T0 5 1(100) 3(45) 6(59) 7(14) 8(82)
T1 5 2(31) 3(1) 5(76) 6(45) 7(98)
T2 6 4(3) 5(47) 6(8) 7(14) 8(30) 9(41)
T3 4 5(16) 6(25) 8(90) 9(98)
T4 4 5(16) 6(35) 7(74) 9(3)
T5 2 6(9) 7(41)
T6 3 7(39) 8(19) 9(98)
T7 2 8(54) 9(78)
T8 0
T9 0
@proc 5
543 0 1
594 0 0
676 0 1
730 0 1
996 0 0
@times
10 164 366 -1 164
5 152 349 331 180
15 136 303 371 181
8 161 279 278 101
10 122 388 373 140
5 176 351 283 124
5 126 330 276 114
15 186 333 276 150
5 181 297 342 183
3 154 400 263 115
@cost
154 292 142 199 269
170 284 168 179 331
189 335 167 176 303
171 369 163 182 314
101 269 140 123 345
187 374 141 173 389
166 283 165 126 252
115 321 171 112 282
168 259 134 193 397
183 261 115 131 279
@comm 3
CHAN0 31 12 0 0 1 0 1
CHAN1 22 11 0 0 1 1 1
CHAN2 22 11 1 1 1 1 1
